Размер массива	Время (тики)	Число итераций
100	2984	300
1569	524	4707
3038	932	9114
4507	1302	13521
5976	1736	17928
7445	2148	22335
8914	2586	26742
10383	2982	31149
11852	3838	35556
13322	3987	39966
14791	4643	44373
16260	5185	48780
17729	5481	53187
19198	6194	57594
20667	6545	62001
22136	6624	66408
23605	7428	70815
25075	8010	75225
26544	70024	79632
28013	8342	84039
29482	9314	88446
30951	9390	92853
32420	13326	97260
33889	10786	101667
35358	14850	106074
36827	12762	110481
38297	13392	114891
39766	13807	119298
41235	14264	123705
42704	14692	128112
44173	15395	132519
45642	15679	136926
47111	16313	141333
48580	16786	145740
50050	30042	150150
51519	22745	154557
52988	18358	158964
54457	19733	163371
55926	19600	167778
57395	17994	172185
58864	18363	176592
60333	18950	180999
61802	19500	185406
63272	20190	189816
64741	25458	194223
66210	23253	198630
67679	22215	203037
69148	22877	207444
70617	23048	211851
72086	23961	216258
73555	24341	220665
75025	24937	225075
76494	172370	229482
77963	27258	233889
79432	25424	238296
80901	26998	242703
82370	27243	247110
83839	27716	251517
85308	193583	255924
86777	66551	260331
88247	29963	264741
89716	116323	269148
91185	29332	273555
92654	29897	277962
94123	183158	282369
95592	37006	286776
97061	41123	291183
98530	30365	295590
100000	32247	300000
